18007889962634106437498506527
11990331606262088523432887149
18325224314427832750886933152
2760600571233694421375851936
8339139607628185334878470624
18007889962634106437498506527
11990331606262088523432887149
14414259879391194767307868195
14414259879391194767307868195
18255834802712547678413098267
13711885442374245344677746317
18007889962634106437498506527
11991065287026748767929947797
11126563179310494209093218793
18255834802712547678413098267
8339139607628185334878470624
11046510144681737785307885537
2990306588161169678135125118
7220739821781705584934723711
8339139607628185334878470624
19610168773606821109881392187
18870244401538467439794599727
2760600571233694421375851936
8339139607628185334878470624
12384246926176513410361900584
14489177490521003680409811447
14489177490521003680409811447
14572810092087752772506211289
8339139607628185334878470624
14378769716278894785733888650
8118703413744428194066731810
17447992043028743677170987865
4461575008381447860994453166
8339139607628185334878470624
2760600571233694421375851936
11100858468474140765623108059
3982444918630147102242192455
14489177490521003680409811447
14489177490521003680409811447
14572810092087752772506211289
8339139607628185334878470624
3982444918630147102242192455
11991065287026748767929947797
4957536150287848810526471254
7220739821781705584934723711
3982444918630147102242192455
11991065287026748767929947797
298781897506363694334710597
